40001,0
40002,0
40009,0
40016,0
40017,0
40019,0
40022,0
40025,0
40027,0
40033,0
40034,0
40035,0
40041,0
40042,0
40051,0
40053,0
40055,0
40057,0
40058,0
40064,0
40066,0
40067,0
40068,0
40070,0
40075,0
40077,0
40078,0
40080,0
40081,0
40085,0
40092,0
40094,0
40104,0
40107,0
40109,0
40110,0
40113,0
40116,0
40117,0
40118,0
40119,0
40124,0
40126,0
40128,0
40134,0
40141,0
40145,0
40147,0
40149,0
40152,0
40153,0
40156,0
40159,0
40162,0
40169,0
40172,0
40179,0
40185,0
40186,0
40189,0
40190,0
40195,0
40196,0
40201,0
40205,0
40206,0
40207,0
40208,0
40210,0
40213,0
40219,0
40220,0
40224,0
40225,0
40228,0
40231,0
40234,0
40235,0
40236,0
40237,0
40239,0
40244,0
40246,0
40247,0
40250,0
40251,0
40252,0
40253,0
40254,0
40258,0
40263,0
40267,0
40268,0
40275,0
40276,0
40278,0
40281,0
40283,0
40286,0
40296,0
40301,0
40303,0
40307,0
40310,0
40313,0
40316,0
40322,0
40323,0
40325,0
40331,0
40333,0
40334,0
40337,0
40338,0
40342,0
40345,0
40348,0
40349,0
40356,0
40363,0
40367,0
40383,0
40388,0
40393,0
40398,0
40400,0
40401,0
40403,0
40405,0
40406,0
40410,0
40417,0
40419,0
40421,0
40422,0
40424,0
40425,0
40426,0
40432,0
40433,0
40435,0
40436,0
40439,0
40441,0
40444,0
40445,0
40450,0
40454,0
40455,0
40456,0
40460,0
40462,0
40467,0
40470,0
40472,0
40473,0
40480,0
40485,0
40486,0
40491,0
40496,0
40502,0
40514,0
40515,0
40518,0
40520,0
40524,0
40526,0
40530,0
40531,0
40533,0
40536,0
40538,0
40543,0
40545,0
40550,0
40555,0
40562,0
40572,0
40574,0
40579,0
40581,0
40584,0
40586,0
40589,0
40590,0
40591,0
40592,0
40595,0
40597,0
40598,0
40601,0
40604,0
40606,0
40608,0
40615,0
40616,0
40617,0
40624,0
40625,0
40631,0
40632,0
40633,0
40636,0
40638,0
40643,0
40647,0
40649,0
40651,0
40652,0
40654,0
40659,0
40662,0
40666,0
40667,0
40668,0
40669,0
40673,0
40675,0
40676,0
40679,0
40682,0
40687,0
40689,0
40690,0
40691,0
40692,0
40694,0
40696,0
40699,0
40704,0
40707,0
40714,0
40718,0
40719,0
40725,0
40726,0
40727,0
40729,0
40730,0
40734,0
40736,0
40738,0
40739,0
40740,0
40743,0
40749,0
40750,0
40752,0
40753,0
40754,0
40755,0
40758,0
40761,0
40762,0
40765,0
40773,0
40777,0
40783,0
40784,0
40785,0
40787,0
40788,0
40796,0
40798,0
40802,0
40806,0
40810,0
40811,0
40813,0
40816,0
40817,0
40826,0
40829,0
40830,0
40831,0
40836,0
40837,0
40838,0
40843,0
40844,0
40849,0
40850,0
40862,0
40863,0
40866,0
40867,0
40869,0
40870,0
40873,0
40884,0
40888,0
40892,0
40894,0
40895,0
40903,0
40909,0
40915,0
40917,0
40922,0
40927,0
40929,0
40930,0
40931,0
40932,0
40934,0
40935,0
40938,0
40941,0
40947,0
40948,0
40956,0
40957,0
40960,0
40961,0
40962,0
40970,0
40976,0
40977,0
40982,0
40986,0
40987,0
40990,0
40993,0
40996,0
41005,0
41006,0
41010,0
41011,0
41013,0
41015,0
41019,0
41022,0
41024,0
41026,0
41027,0
41028,0
41029,0
41030,0
41031,0
41036,0
41041,0
41045,0
41046,0
41051,0
41056,0
41057,0
41061,0
41063,0
41064,0
41067,0
41072,0
41073,0
41074,0
41075,0
41078,0
41079,0
41080,0
41084,0
41093,0
41094,0
41095,0
41103,0
41107,0
41109,0
41110,0
41111,0
41114,0
41115,0
41122,0
41127,0
41129,0
41131,0
41137,0
41139,0
41141,0
41145,0
41149,0
41151,0
41154,0
41156,0
41157,0
41158,0
41159,0
41168,0
41172,0
41174,0
41176,0
41179,0
41180,0
41184,0
41185,0
41187,0
41200,0
41203,0
41205,0
41206,0
41207,0
41209,0
41215,0
41217,0
41219,0
41220,0
41226,0
41231,0
41233,0
41236,0
41240,0
41243,0
41244,0
41251,0
41252,0
41253,0
41254,0
41258,0
41259,0
41264,0
41268,0
41271,0
41279,0
41280,0
41283,0
41285,0
41288,0
41290,0
41291,0
41295,0
41301,0
41303,0
41312,0
41313,0
41317,0
41318,0
41321,0
41328,0
41331,0
41338,0
41344,0
41345,0
41348,0
41352,0
41360,0
41361,0
41366,0
41369,0
41374,0
41380,0
41381,0
41391,0
41396,0
41398,0
41403,0
41405,0
41409,0
41412,0
41414,0
41418,0
41423,0
41424,0
41425,0
41427,0
41430,0
41441,0
41452,0
41453,0
41455,0
41461,0
41462,0
41463,0
41467,0
41469,0
41470,0
41471,0
41475,0
41480,0
41483,0
41486,0
41489,0
41498,0
41499,0
41504,0
41505,0
41506,0
41508,0
41509,0
41510,0
41511,0
41515,0
41516,0
41526,0
41535,0
41536,0
41539,0
41540,0
41543,0
41550,0
41555,0
41557,0
41559,0
41567,0
41572,0
41574,0
41575,0
41585,0
41592,0
41593,0
41595,0
41598,0
41603,0
41606,0
41608,0
41611,0
41614,0
41618,0
41619,0
41620,0
41622,0
41626,0
41628,0
41632,0
41637,0
41639,0
41641,0
41643,0
41645,0
41654,0
41658,0
41662,0
41663,0
41664,0
41671,0
41675,0
41676,0
41679,0
41683,0
41685,0
41686,0
41693,0
41695,0
41700,0
41706,0
41709,0
41712,0
41715,0
41717,0
41724,0
41728,0
41731,0
41738,0
41743,0
41744,0
41747,0
41748,0
41752,0
41759,0
41760,0
41761,0
41762,0
41764,0
41767,0
41768,0
41769,0
41770,0
41771,0
41773,0
41774,0
41777,0
41778,0
41779,0
41782,0
41788,0
41790,0
41791,0
41792,0
41793,0
41794,0
41798,0
41801,0
41803,0
41805,0
41806,0
41808,0
41809,0
41810,0
41811,0
41812,0
41818,0
41823,0
41824,0
41827,0
41829,0
41842,0
41849,0
41850,0
41858,0
41864,0
41873,0
41878,0
41880,0
41889,0
41890,0
41892,0
41897,0
41898,0
41903,0
41907,0
41908,0
41910,0
41913,0
41919,0
41920,0
41922,0
41923,0
41925,0
41926,0
41930,0
41934,0
41935,0
41939,0
41942,0
41943,0
41946,0
41947,0
41958,0
41962,0
41965,0
41980,0
41981,0
41986,0
41988,0
41991,0
41992,0
41994,0
42005,0
42009,0
42012,0
42013,0
42014,0
42015,0
42016,0
42019,0
42024,0
42026,0
42031,0
42032,0
42033,0
42035,0
42037,0
42040,0
42047,0
42053,0
42054,0
42055,0
42056,0
42057,0
42059,0
42062,0
42063,0
42064,0
42066,0
42067,0
42073,0
42079,0
42081,0
42086,0
42087,0
42089,0
42094,0
42096,0
42097,0
42103,0
42108,0
42113,0
42117,0
42121,0
42130,0
42135,0
42136,0
42141,0
42147,0
42148,0
42150,0
42154,0
42159,0
42161,0
42162,0
42163,0
42166,0
42170,0
42171,0
42173,0
42174,0
42177,0
42181,0
42183,0
42185,0
42188,0
42197,0
42206,0
42207,0
42214,0
42218,0
42220,0
42225,0
42231,0
42234,0
42236,0
42242,0
42243,0
42246,0
42247,0
42248,0
42249,0
42251,0
42252,0
42254,0
42258,0
42262,0
42264,0
42266,0
42273,0
42287,0
42296,0
42298,0
42303,0
42304,0
42305,0
42309,0
42311,0
42314,0
42315,0
42317,0
42321,0
42322,0
42327,0
42328,0
42329,0
42333,0
42337,0
42342,0
42343,0
42349,0
42351,0
42352,0
42356,0
42357,0
42358,0
42360,0
42366,0
42367,0
42372,0
42374,0
42375,0
42378,0
42379,0
42396,0
42398,0
42399,0
42402,0
42407,0
42416,0
42417,0
42429,0
42431,0
42441,0
42443,0
42460,0
42461,0
42465,0
42467,0
42471,0
42475,0
42477,0
42478,0
42479,0
42486,0
42489,0
42490,0
42493,0
42494,0
42496,0
42498,0
42500,0
42504,0
42508,0
42514,0
42515,0
42519,0
42521,0
42525,0
42528,0
42530,0
42531,0
42535,0
42536,0
42538,0
42539,0
42540,0
42542,0
42543,0
42545,0
42548,0
42557,0
42560,0
42561,0
42564,0
42565,0
42570,0
42571,0
42575,0
42580,0
42592,0
42599,0
42603,0
42605,0
42608,0
42611,0
42612,0
42614,0
42615,0
42616,0
42626,0
42627,0
42632,0
42633,0
42646,0
42647,0
42652,0
42659,0
42660,0
42663,0
42665,0
42668,0
42674,0
42680,0
42681,0
42685,0
42687,0
42695,0
42696,0
42700,0
42702,0
42703,0
42704,0
42710,0
42713,0
42714,0
42716,0
42721,0
42724,0
42725,0
42726,0
42728,0
42734,0
42735,0
42738,0
42755,0
42773,0
42774,0
42775,0
42777,0
42780,0
42781,0
42782,0
42787,0
42788,0
42799,0
42803,0
42804,0
42805,0
42814,0
42815,0
42816,0
42821,0
42823,0
42831,0
42834,0
42835,0
42837,0
42841,0
42842,0
42844,0
42845,0
42855,0
42861,0
42865,0
42866,0
42868,0
42872,0
42876,0
42877,0
42883,0
42887,0
42888,0
42893,0
42894,0
42895,0
42896,0
42902,0
42903,0
42904,0
42906,0
42910,0
42911,0
42912,0
42913,0
42917,0
42918,0
42928,0
42932,0
42937,0
42944,0
42948,0
42952,0
42953,0
42955,0
42958,0
42959,0
42961,0
42964,0
42965,0
42966,0
42968,0
42972,0
42973,0
42976,0
42977,0
42978,0
42981,0
42983,0
42984,0
42985,0
42988,0
42993,0
42998,0
43002,0
43004,0
43005,0
43006,0
43009,0
43011,0
43012,0
43013,0
43014,0
43015,0
43018,0
43019,0
43023,0
43025,0
43028,0
43029,0
43030,0
43033,0
43036,0
43038,0
43041,0
43042,0
43044,0
43055,0
43056,0
43065,0
43066,0
43068,0
43070,0
43075,0
43076,0
43077,0
43080,0
43084,0
43085,0
43093,0
43096,0
43099,0
43107,0
43109,0
43116,0
43122,0
43124,0
43128,0
43132,0
43134,0
43135,0
43136,0
43137,0
43139,0
43145,0
43148,0
43152,0
43160,0
43161,0
43165,0
43177,0
43178,0
43180,0
43183,0
43188,0
43190,0
43192,0
43194,0
43195,0
43201,0
43203,0
43204,0
43209,0
43215,0
43221,0
43222,0
43235,0
43239,0
43241,0
43244,0
43245,0
43249,0
43259,0
43262,0
43265,0
43274,0
43275,0
43277,0
43285,0
43288,0
43293,0
43295,0
43299,0
43301,0
43305,0
43307,0
43308,0
43310,0
43315,0
43318,0
43319,0
43323,0
43326,0
43335,0
43339,0
43340,0
43341,0
43353,0
43354,0
43355,0
43363,0
43364,0
43365,0
43367,0
43376,0
43379,0
43385,0
43387,0
43389,0
43395,0
43410,0
43415,0
43418,0
43422,0
43432,0
43433,0
43435,0
43439,0
43440,0
43443,0
43446,0
43448,0
43454,0
43459,0
43463,0
43464,0
43465,0
43467,0
43468,0
43472,0
43473,0
43479,0
43484,0
43493,0
43494,0
43499,0
43500,0
43504,0
43506,0
43509,0
43512,0
43519,0
43526,0
43527,0
43529,0
43530,0
43536,0
43537,0
43538,0
43539,0
43542,0
43545,0
43548,0
43549,0
43551,0
43553,0
43554,0
43556,0
43562,0
43570,0
43571,0
43576,0
43577,0
43591,0
43592,0
43595,0
43599,0
43600,0
43601,0
43603,0
43604,0
43607,0
43610,0
43612,0
43615,0
43619,0
43621,0
43623,0
43624,0
43627,0
43632,0
43639,0
43641,0
43644,0
43646,0
43649,0
43650,0
43654,0
43660,0
43661,0
43662,0
43673,0
43676,0
43679,0
43680,0
43681,0
43685,0
43691,0
43694,0
43695,0
43698,0
43699,0
43705,0
43710,0
43711,0
43713,0
43719,0
43724,0
43727,0
43729,0
43732,0
43735,0
43736,0
43738,0
43740,0
43745,0
43755,0
43757,0
43759,0
43771,0
43772,0
43776,0
43777,0
43780,0
43783,0
43784,0
43786,0
43788,0
43789,0
43794,0
43795,0
43796,0
43804,0
43817,0
43824,0
43825,0
43840,0
43846,0
43850,0
43853,0
43858,0
43859,0
43862,0
43867,0
43868,0
43876,0
43878,0
43882,0
43883,0
43886,0
43896,0
43910,0
43911,0
43916,0
43917,0
43918,0
43922,0
43923,0
43925,0
43927,0
43928,0
43930,0
43933,0
43936,0
43939,0
43952,0
43957,0
43959,0
43960,0
43971,0
43974,0
43976,0
43978,0
43982,0
43983,0
43987,0
43988,0
43996,0
43997,0
43998,0
44000,0
44010,0
44011,0
44012,0
44013,0
44018,0
44026,0
44030,0
44032,0
44033,0
44035,0
44036,0
44039,0
44049,0
44050,0
44051,0
44052,0
44053,0
44057,0
44058,0
44059,0
44062,0
44066,0
44067,0
44068,0
44071,0
44073,0
44084,0
44085,0
44088,0
44090,0
44093,0
44094,0
44096,0
44101,0
44104,0
44113,0
44115,0
44117,0
44120,0
44121,0
44126,0
44131,0
44132,0
44135,0
44146,0
44160,0
44162,0
44164,0
44174,0
44176,0
44181,0
44183,0
44184,0
44185,0
44188,0
44194,0
44195,0
44200,0
44203,0
44204,0
44208,0
44213,0
44222,0
44223,0
44224,0
44226,0
44231,0
44234,0
44235,0
44237,0
44240,0
44241,0
44244,0
44246,0
44247,0
44253,0
44260,0
44261,0
44264,0
44267,0
44268,0
44270,0
44272,0
44277,0
44281,0
44286,0
44289,0
44297,0
44300,0
44302,0
44303,0
44306,0
44308,0
44311,0
44312,0
44313,0
44314,0
44316,0
44321,0
44322,0
44323,0
44324,0
44326,0
44328,0
44331,0
44332,0
44336,0
44338,0
44342,0
44343,0
44344,0
44347,0
44348,0
44349,0
44352,0
44355,0
44356,0
44359,0
44360,0
44362,0
44363,0
44366,0
44369,0
44371,0
44375,0
44377,0
44379,0
44381,0
44385,0
44388,0
44389,0
44392,0
44394,0
44398,0
44399,0
44401,0
44402,0
44407,0
44414,0
44417,0
44420,0
44422,0
44426,0
44440,0
44443,0
44447,0
44450,0
44451,0
44458,0
44460,0
44465,0
44468,0
44471,0
44475,0
44480,0
44483,0
44486,0
44489,0
44495,0
44496,0
44500,0
44501,0
44504,0
44505,0
44509,0
44516,0
44519,0
44521,0
44527,0
44535,0
44544,0
44547,0
44548,0
44555,0
44556,0
44561,0
44564,0
44565,0
44566,0
44572,0
44573,0
44577,0
44579,0
44587,0
44590,0
44591,0
44593,0
44594,0
44599,0
44601,0
44606,0
44608,0
44609,0
44620,0
44622,0
44623,0
44624,0
44625,0
44637,0
44638,0
44642,0
44645,0
44649,0
44652,0
44661,0
44662,0
44667,0
44669,0
44673,0
44675,0
44676,0
44677,0
44678,0
44683,0
44685,0
44687,0
44689,0
44691,0
44693,0
44704,0
44707,0
44715,0
44717,0
44719,0
44721,0
44727,0
44730,0
44741,0
44744,0
44746,0
44748,0
44749,0
44751,0
44752,0
44762,0
44763,0
44764,0
44768,0
44769,0
44772,0
44773,0
44775,0
44778,0
44781,0
44783,0
44787,0
44788,0
44789,0
44790,0
44793,0
44795,0
44796,0
44802,0
44805,0
44806,0
44807,0
44813,0
44814,0
44815,0
44817,0
44823,0
44827,0
44828,0
44829,0
44834,0
44835,0
44836,0
44839,0
44840,0
44841,0
44845,0
44848,0
44852,0
44853,0
44855,0
44858,0
44860,0
44861,0
44865,0
44867,0
44871,0
44872,0
44875,0
44879,0
44882,0
44889,0
44891,0
44902,0
44904,0
44908,0
44909,0
44910,0
44911,0
44914,0
44918,0
44922,0
44923,0
44925,0
44926,0
44931,0
44932,0
44939,0
44940,0
44941,0
44944,0
44946,0
44949,0
44950,0
44952,0
44957,0
44960,0
44963,0
44965,0
44967,0
44969,0
44976,0
44977,0
44981,0
44982,0
44987,0
44989,0
44995,0
44997,0
45001,0
45002,0
45005,0
45006,0
45009,0
45010,0
45012,0
45014,0
45019,0
45029,0
45032,0
45037,0
45038,0
45042,0
45044,0
45047,0
45050,0
45051,0
45056,0
45059,0
45061,0
45062,0
45069,0
45070,0
45071,0
45075,0
45076,0
45077,0
45086,0
45093,0
45097,0
45099,0
45100,0
45102,0
45103,0
45106,0
45108,0
45109,0
45112,0
45113,0
45114,0
45120,0
45123,0
45124,0
45125,0
45129,0
45131,0
45132,0
45139,0
45141,0
45145,0
45152,0
45156,0
45161,0
45165,0
45167,0
45171,0
45174,0
45175,0
45176,0
45180,0
45181,0
45184,0
45186,0
45187,0
45188,0
45192,0
45196,0
45197,0
45199,0
45201,0
45204,0
45213,0
45216,0
45219,0
45225,0
45228,0
45235,0
45236,0
45244,0
45254,0
45255,0
45258,0
45259,0
45269,0
45272,0
45273,0
45274,0
45276,0
45282,0
45283,0
45284,0
45286,0
45293,0
45294,0
45297,0
45298,0
45300,0
45305,0
45316,0
45320,0
45321,0
45323,0
45324,0
45328,0
45329,0
45332,0
45334,0
45338,0
45339,0
45340,0
45341,0
45342,0
45350,0
45352,0
45353,0
45355,0
45357,0
45362,0
45370,0
45371,0
45379,0
45381,0
45382,0
45386,0
45392,0
45394,0
45395,0
45396,0
45397,0
45400,0
45402,0
45404,0
45408,0
45410,0
45413,0
45415,0
45420,0
45421,0
45423,0
45425,0
45430,0
45445,0
45447,0
45448,0
45450,0
45452,0
45455,0
45464,0
45465,0
45466,0
45467,0
45471,0
45473,0
45474,0
45475,0
45480,0
45481,0
45483,0
45485,0
45488,0
45492,0
45495,0
45499,0
45501,0
45504,0
45505,0
45507,0
45510,0
45515,0
45516,0
45517,0
45523,0
45526,0
45529,0
45532,0
45537,0
45542,0
45543,0
45546,0
45550,0
45551,0
45555,0
45556,0
45558,0
45566,0
45569,0
45573,0
45574,0
45579,0
45580,0
45587,0
45591,0
45594,0
45596,0
45598,0
45601,0
45602,0
45607,0
45610,0
45615,0
45619,0
45622,0
45624,0
45629,0
45631,0
45633,0
45635,0
45636,0
45637,0
45639,0
45642,0
45658,0
45659,0
45661,0
45662,0
45666,0
45669,0
45672,0
45673,0
45674,0
45676,0
45677,0
45679,0
45685,0
45686,0
45688,0
45691,0
45692,0
45698,0
45700,0
45702,0
45703,0
45711,0
45712,0
45713,0
45714,0
45720,0
45722,0
45726,0
45727,0
45729,0
45739,0
45742,0
45745,0
45746,0
45748,0
45751,0
45766,0
45767,0
45771,0
45783,0
45785,0
45787,0
45788,0
45790,0
45794,0
45797,0
45799,0
45800,0
45801,0
45805,0
45806,0
45808,0
45809,0
45815,0
45816,0
45819,0
45821,0
45822,0
45825,0
45826,0
45828,0
45832,0
45833,0
45835,0
45836,0
45837,0
45843,0
45847,0
45849,0
45853,0
45854,0
45862,0
45864,0
45867,0
45871,0
45874,0
45877,0
45880,0
45885,0
45888,0
45889,0
45892,0
45894,0
45904,0
45905,0
45910,0
45911,0
45915,0
45917,0
45918,0
45919,0
45922,0
45925,0
45928,0
45931,0
45932,0
45933,0
45934,0
45936,0
45938,0
45941,0
45944,0
45947,0
45949,0
45952,0
45955,0
45956,0
45958,0
45959,0
45960,0
45961,0
45962,0
45963,0
45965,0
45978,0
45980,0
45981,0
45983,0
45993,0
46001,0
46002,0
46003,0
46004,0
46009,0
46016,0
46022,0
46023,0
46024,0
46025,0
46027,0
46036,0
46038,0
46039,0
46044,0
46048,0
46051,0
46053,0
46067,0
46069,0
46072,0
46077,0
46078,0
46080,0
46082,0
46085,0
46088,0
46092,0
46094,0
46095,0
46098,0
46099,0
46100,0
46103,0
46106,0
46108,0
46117,0
46123,0
46126,0
46136,0
46142,0
46143,0
46144,0
46148,0
46149,0
46160,0
46161,0
46168,0
46177,0
46181,0
46192,0
46193,0
46194,0
46195,0
46199,0
46201,0
46203,0
46204,0
46207,0
46208,0
46212,0
46217,0
46220,0
46221,0
46235,0
46237,0
46239,0
46245,0
46247,0
46250,0
46258,0
46264,0
46265,0
46272,0
46276,0
46282,0
46296,0
46304,0
46305,0
46306,0
46311,0
46313,0
46320,0
46326,0
46327,0
46330,0
46332,0
46338,0
46340,0
46347,0
46357,0
46362,0
46366,0
46369,0
46371,0
46374,0
46375,0
46378,0
46379,0
46384,0
46386,0
46387,0
46389,0
46393,0
46395,0
46396,0
46398,0
46399,0
46400,0
46404,0
46419,0
46421,0
46422,0
46437,0
46440,0
46445,0
46455,0
46460,0
46469,0
46472,0
46473,0
46478,0
46482,0
46488,0
46492,0
46498,0
46499,0
46501,0
46508,0
46510,0
46512,0
46513,0
46516,0
46517,0
46518,0
46528,0
46531,0
46534,0
46536,0
46539,0
46545,0
46546,0
46547,0
46549,0
46550,0
46551,0
46553,0
46554,0
46555,0
46557,0
46559,0
46561,0
46562,0
46566,0
46576,0
46577,0
46582,0
46587,0
46593,0
46595,0
46596,0
46598,0
46599,0
46600,0
46606,0
46609,0
46610,0
46612,0
46613,0
46616,0
46617,0
46622,0
46624,0
46627,0
46628,0
46638,0
46648,0
46652,0
46658,0
46659,0
46665,0
46671,0
46675,0
46684,0
46688,0
46693,0
46695,0
46700,0
46702,0
46704,0
46705,0
46710,0
46719,0
46723,0
46726,0
46728,0
46731,0
46732,0
46746,0
46747,0
46748,0
46756,0
46758,0
46766,0
46771,0
46773,0
46781,0
46785,0
46790,0
46795,0
46807,0
46814,0
46816,0
46818,0
46820,0
46824,0
46825,0
46832,0
46842,0
46844,0
46847,0
46850,0
46852,0
46855,0
46862,0
46865,0
46870,0
46871,0
46873,0
46875,0
46879,0
46881,0
46884,0
46886,0
46889,0
46892,0
46895,0
46896,0
46897,0
46898,0
46912,0
46917,0
46923,0
46924,0
46926,0
46927,0
46933,0
46938,0
46943,0
46944,0
46949,0
46950,0
46951,0
46954,0
46956,0
46959,0
46961,0
46966,0
46967,0
46968,0
46970,0
46971,0
46974,0
46976,0
46980,0
46981,0
46983,0
46992,0
46994,0
46998,0
46999,0
47005,0
47011,0
47017,0
47020,0
47031,0
47032,0
47039,0
47041,0
47044,0
47046,0
47049,0
47050,0
47057,0
47062,0
47067,0
47070,0
47074,0
47076,0
47077,0
47081,0
47082,0
47084,0
47087,0
47091,0
47093,0
47095,0
47100,0
47101,0
47102,0
47106,0
47114,0
47118,0
47119,0
47126,0
47127,0
47131,0
47134,0
47135,0
47136,0
47138,0
47143,0
47147,0
47149,0
47157,0
47159,0
47160,0
47163,0
47164,0
47169,0
47175,0
47176,0
47177,0
47178,0
47180,0
47182,0
47184,0
47193,0
47197,0
47201,0
47206,0
47209,0
47212,0
47215,0
47216,0
47218,0
47219,0
47220,0
47225,0
47226,0
47227,0
47228,0
47232,0
47237,0
47239,0
47243,0
47246,0
47250,0
47258,0
47259,0
47260,0
47263,0
47270,0
47272,0
47274,0
47276,0
47277,0
47283,0
47284,0
47286,0
47288,0
47290,0
47291,0
47292,0
47301,0
47303,0
47307,0
47309,0
47321,0
47322,0
47325,0
47333,0
47334,0
47335,0
47336,0
47339,0
47341,0
47342,0
47346,0
47355,0
47357,0
47358,0
47359,0
47372,0
47377,0
47378,0
47384,0
47389,0
47392,0
47396,0
47397,0
47400,0
47407,0
47413,0
47415,0
47416,0
47420,0
47422,0
47424,0
47429,0
47445,0
47448,0
47449,0
47450,0
47457,0
47458,0
47459,0
47462,0
47464,0
47469,0
47473,0
47474,0
47478,0
47480,0
47484,0
47488,0
47494,0
47497,0
47500,0
47503,0
47505,0
47506,0
47508,0
47509,0
47514,0
47518,0
47520,0
47522,0
47525,0
47528,0
47535,0
47537,0
47543,0
47546,0
47547,0
47548,0
47549,0
47553,0
47555,0
47560,0
47564,0
47565,0
47566,0
47572,0
47573,0
47575,0
47580,0
47584,0
47585,0
47586,0
47590,0
47591,0
47593,0
47596,0
47601,0
47602,0
47605,0
47608,0
47609,0
47610,0
47613,0
47614,0
47616,0
47620,0
47623,0
47626,0
47628,0
47630,0
47633,0
47635,0
47643,0
47644,0
47648,0
47656,0
47662,0
47666,0
47667,0
47669,0
47672,0
47673,0
47682,0
47686,0
47688,0
47690,0
47691,0
47693,0
47699,0
47700,0
47701,0
47706,0
47710,0
47711,0
47712,0
47717,0
47718,0
47728,0
47730,0
47731,0
47732,0
47735,0
47736,0
47738,0
47739,0
47740,0
47741,0
47742,0
47745,0
47753,0
47757,0
47760,0
47762,0
47763,0
47765,0
47766,0
47771,0
47773,0
47776,0
47778,0
47780,0
47786,0
47788,0
47792,0
47795,0
47796,0
47797,0
47809,0
47812,0
47813,0
47814,0
47819,0
47828,0
47829,0
47830,0
47831,0
47834,0
47840,0
47841,0
47842,0
47844,0
47845,0
47848,0
47851,0
47853,0
47862,0
47870,0
47872,0
47876,0
47877,0
47879,0
47881,0
47882,0
47884,0
47889,0
47894,0
47895,0
47898,0
47900,0
47901,0
47903,0
47905,0
47908,0
47911,0
47914,0
47915,0
47919,0
47922,0
47924,0
47926,0
47928,0
47938,0
47946,0
47950,0
47953,0
47954,0
47958,0
47959,0
47961,0
47969,0
47970,0
47976,0
47977,0
47984,0
47987,0
47989,0
47990,0
47993,0
47994,0
47996,0
47999,0
48001,0
48002,0
48003,0
48004,0
48007,0
48008,0
48010,0
48011,0
48014,0
48015,0
48019,0
48020,0
48029,0
48030,0
48031,0
48035,0
48041,0
48046,0
48050,0
48051,0
48056,0
48059,0
48064,0
48065,0
48066,0
48069,0
48070,0
48072,0
48074,0
48087,0
48097,0
48100,0
48106,0
48115,0
48117,0
48120,0
48122,0
48125,0
48130,0
48135,0
48137,0
48138,0
48140,0
48141,0
48143,0
48148,0
48153,0
48156,0
48159,0
48160,0
48163,0
48168,0
48170,0
48172,0
48181,0
48183,0
48194,0
48199,0
48200,0
48208,0
48210,0
48211,0
48213,0
48215,0
48220,0
48221,0
48227,0
48233,0
48234,0
48235,0
48236,0
48237,0
48242,0
48250,0
48254,0
48263,0
48264,0
48266,0
48271,0
48273,0
48275,0
48277,0
48278,0
48280,0
48281,0
48282,0
48287,0
48288,0
48291,0
48297,0
48300,0
48301,0
48305,0
48308,0
48311,0
48312,0
48314,0
48315,0
48316,0
48317,0
48320,0
48333,0
48337,0
48338,0
48346,0
48347,0
48350,0
48361,0
48365,0
48372,0
48375,0
48386,0
48387,0
48393,0
48397,0
48402,0
48404,0
48405,0
48408,0
48410,0
48411,0
48413,0
48414,0
48416,0
48423,0
48426,0
48434,0
48439,0
48449,0
48451,0
48452,0
48453,0
48454,0
48455,0
48457,0
48463,0
48464,0
48465,0
48474,0
48476,0
48477,0
48482,0
48483,0
48485,0
48488,0
48491,0
48493,0
48494,0
48498,0
48501,0
48505,0
48506,0
48507,0
48515,0
48516,0
48518,0
48526,0
48527,0
48528,0
48529,0
48530,0
48533,0
48535,0
48537,0
48542,0
48545,0
48546,0
48547,0
48552,0
48558,0
48559,0
48562,0
48567,0
48568,0
48572,0
48573,0
48576,0
48579,0
48583,0
48585,0
48586,0
48588,0
48589,0
48594,0
48595,0
48598,0
48604,0
48607,0
48608,0
48613,0
48615,0
48619,0
48620,0
48621,0
48624,0
48625,0
48633,0
48640,0
48647,0
48648,0
48650,0
48653,0
48655,0
48656,0
48657,0
48663,0
48665,0
48666,0
48672,0
48673,0
48679,0
48680,0
48682,0
48684,0
48689,0
48691,0
48694,0
48705,0
48712,0
48714,0
48716,0
48717,0
48723,0
48724,0
48725,0
48728,0
48735,0
48737,0
48746,0
48748,0
48749,0
48751,0
48753,0
48757,0
48758,0
48761,0
48765,0
48769,0
48770,0
48777,0
48778,0
48779,0
48784,0
48786,0
48787,0
48788,0
48792,0
48795,0
48801,0
48802,0
48812,0
48820,0
48824,0
48825,0
48827,0
48828,0
48837,0
48839,0
48842,0
48843,0
48844,0
48845,0
48846,0
48851,0
48855,0
48858,0
48861,0
48864,0
48868,0
48871,0
48873,0
48874,0
48876,0
48879,0
48882,0
48884,0
48889,0
48890,0
48894,0
48899,0
48902,0
48903,0
48904,0
48906,0
48909,0
48910,0
48911,0
48914,0
48915,0
48920,0
48922,0
48923,0
48924,0
48928,0
48929,0
48931,0
48933,0
48936,0
48942,0
48943,0
48946,0
48948,0
48952,0
48962,0
48964,0
48965,0
48968,0
48971,0
48973,0
48977,0
48982,0
48984,0
48987,0
48991,0
48994,0
49000,0
49002,0
49003,0
49024,0
49026,0
49028,0
49030,0
49034,0
49039,0
49042,0
49045,0
49047,0
49049,0
49059,0
49064,0
49065,0
49075,0
49076,0
49081,0
49082,0
49086,0
49091,0
49102,0
49105,0
49111,0
49114,0
49124,0
49125,0
49126,0
49127,0
49128,0
49130,0
49132,0
49137,0
49141,0
49144,0
49145,0
49146,0
49148,0
49150,0
49154,0
49155,0
49157,0
49160,0
49163,0
49172,0
49173,0
49175,0
49176,0
49178,0
49182,0
49190,0
49194,0
49197,0
49206,0
49208,0
49210,0
49217,0
49218,0
49219,0
49221,0
49225,0
49226,0
49234,0
49236,0
49240,0
49242,0
49250,0
49252,0
49257,0
49262,0
49264,0
49268,0
49269,0
49270,0
49277,0
49283,0
49286,0
49293,0
49294,0
49295,0
49296,0
49298,0
49299,0
49302,0
49304,0
49306,0
49310,0
49311,0
49312,0
49315,0
49321,0
49323,0
49324,0
49325,0
49328,0
49330,0
49331,0
49346,0
49347,0
49349,0
49350,0
49351,0
49355,0
49358,0
49365,0
49373,0
49374,0
49378,0
49380,0
49382,0
49383,0
49385,0
49388,0
49391,0
49393,0
49398,0
49399,0
49401,0
49402,0
49407,0
49409,0
49411,0
49413,0
49414,0
49420,0
49425,0
49426,0
49428,0
49431,0
49433,0
49436,0
49437,0
49445,0
49447,0
49450,0
49460,0
49463,0
49465,0
49466,0
49467,0
49471,0
49476,0
49479,0
49480,0
49489,0
49490,0
49492,0
49494,0
49502,0
49505,0
49506,0
49507,0
49509,0
49515,0
49520,0
49521,0
49525,0
49527,0
49534,0
49535,0
49537,0
49539,0
49540,0
49543,0
49548,0
49552,0
49554,0
49557,0
49563,0
49565,0
49567,0
49568,0
49570,0
49572,0
49580,0
49583,0
49584,0
49592,0
49596,0
49597,0
49600,0
49604,0
49607,0
49611,0
49612,0
49613,0
49615,0
49616,0
49624,0
49626,0
49627,0
49635,0
49636,0
49639,0
49640,0
49641,0
49642,0
49643,0
49644,0
49647,0
49649,0
49653,0
49658,0
49661,0
49663,0
49666,0
49670,0
49674,0
49677,0
49679,0
49681,0
49682,0
49683,0
49684,0
49686,0
49690,0
49695,0
49702,0
49703,0
49704,0
49716,0
49717,0
49720,0
49722,0
49725,0
49730,0
49731,0
49735,0
49738,0
49741,0
49746,0
49754,0
49757,0
49760,0
49762,0
49764,0
49768,0
49773,0
49774,0
49776,0
49778,0
49786,0
49787,0
49792,0
49795,0
49799,0
49804,0
49805,0
49811,0
49814,0
49816,0
49819,0
49834,0
49835,0
49838,0
49845,0
49846,0
49848,0
49849,0
49852,0
49853,0
49857,0
49860,0
49866,0
49870,0
49871,0
49877,0
49879,0
49886,0
49887,0
49890,0
49891,0
49892,0
49893,0
49894,0
49895,0
49898,0
49899,0
49903,0
49906,0
49907,0
49908,0
49917,0
49919,0
49922,0
49926,0
49931,0
49934,0
49937,0
49938,0
49939,0
49940,0
49943,0
49947,0
49963,0
49965,0
49966,0
49967,0
49968,0
49971,0
49974,0
49975,0
49977,0
49982,0
49983,0
49986,0
49988,0
49996,0
49997,0
